$SPEC_ID:
No sample description was entered.
$SPEC_REM:
DET# 1
DETDESC# Device_13225875
AP# Maestro Version 7.01
$DATE_MEA:
12/12/2013 08:22:51
$MEAS_TIM:
598 600
$DATA:
0 2047
       0
       0
       0
       0
       0
       0
       0
       0
       0
       0
       0
       0
       0
       0
       0
       0
       0
       0
       0
       2
    2418
    1684
    1718
    1907
    2321
    2713
    2976
    2911
    2897
    2699
    2682
    2953
    3265
    3207
    3359
    3486
    4147
    5138
    7164
    9962
   12889
   14208
   12460
    9149
    5261
    3083
    1886
    1508
    1542
    1539
    1534
    1509
    1562
    1617
    1602
    1512
    1529
    1605
    1537
    1568
    1585
    1578
    1636
    1658
    1722
    1709
    1710
    1897
    1893
    1945
    1949
    2102
    2105
    2154
    2153
    2199
    2160
    1970
    2130
    1962
    1835
    1782
    1756
    1649
    1495
    1490
    1525
    1466
    1474
    1410
    1349
    1308
    1271
    1174
    1195
    1145
    1133
    1080
    1125
    1016
    1030
    1012
     981
     990
    1018
    1010
     975
    1032
    1028
     977
     929
     957
     953
     953
     927
     950
     923
     916
     902
    1007
    1022
    1116
    1224
    1360
    1408
    1539
    1606
    1794
    1754
    1721
    1895
    1882
    2101
    2064
    2229
    2337
    2409
    2569
    2593
    2590
    2598
    2472
    2276
    2185
    2044
    1834
    1636
    1443
    1316
    1276
    1332
    1430
    1505
    1727
    2215
    2573
    3042
    3479
    3794
    4307
    4637
    4885
    5201
    5225
    5210
    4924
    4765
    4501
    4070
    3459
    3070
    2657
    2239
    1885
    1585
    1371
    1110
     928
     802
     722
     622
     524
     427
     400
     312
     219
     205
     178
     130
     104
     104
      82
      63
      65
      66
      50
      45
      50
      55
      67
      52
      45
      48
      43
      44
      47
      47
      50
      46
      54
      56
      53
      42
      68
      54
      35
      44
      39
      58
      44
      41
      36
      30
      36
      38
      37
      45
      38
      38
      48
      46
      44
      37
      30
      27
      27
      31
      42
      31
      30
      28
      35
      42
      22
      37
      29
      24
      23
      23
      40
      34
      31
      36
      27
      32
      35
      47
      28
      45
      42
      43
      28
      51
      39
      27
      40
      48
      43
      38
      32
      60
      40
      35
      21
      45
      32
      33
      32
      32
      30
      24
      30
      30
      24
      33
      29
      23
      12
      33
      24
      27
      20
      23
      13
      20
      29
      11
      26
      16
      18
      25
      31
      18
      16
      18
      28
      17
      19
      17
      18
      24
      19
      13
      27
      20
      16
      23
      15
      21
      19
      17
      17
      14
      18
      19
      27
      21
      17
      17
      23
      19
      14
      10
      19
      20
       7
      24
      10
      15
      18
      16
      21
      16
      13
      21
      19
      18
      24
      16
      13
      13
      12
      20
      15
      15
      11
      13
      18
       9
      15
      13
      12
      21
      12
      15
      16
      14
      13
      19
       9
      12
      12
      15
      13
      12
      12
      10
      10
      13
      14
      11
      16
      15
      12
      13
      10
      15
      16
      18
      15
      19
      12
       6
      12
      17
       9
      14
      15
      18
      16
      12
      13
      14
      12
      16
      11
      11
      20
      11
       9
      12
      14
      14
       8
      12
      16
      10
      12
       9
      11
      15
       6
      10
      13
      18
       5
      10
       7
       8
      11
       8
      11
      12
      11
      13
       7
       6
       4
      16
      10
       7
       9
       6
      11
       5
      11
      11
       8
       7
      11
       9
       7
       8
      10
       8
       8
      11
      12
      13
      15
      12
      12
       9
       9
       7
       8
       4
       7
       6
       7
      14
      12
       7
       2
      13
      11
      14
      14
      14
       7
      10
      12
      12
       7
       7
      10
       9
      16
      10
      11
       5
       7
      14
      19
      11
       7
      14
      14
       8
      12
      11
      13
      11
      11
       9
      12
      12
       8
      14
      13
       8
       7
       7
      11
       9
       7
       6
       3
       9
      15
      10
       9
      13
      11
       7
      11
       7
       6
       9
      12
       7
       6
      10
       2
      10
       4
       9
       8
       4
       6
       6
       7
       9
       5
       7
       5
       6
       4
       3
       8
       4
       7
       6
       2
       3
       2
       6
       3
       5
       9
       1
       5
       4
       3
       3
       3
       1
       2
       4
       4
       5
       1
       5
       5
       5
       5
       3
       3
       4
       3
       6
       3
       3
       7
       1
       3
       3
       4
       1
       6
       6
       1
       2
       5
       7
       1
       5
       4
       4
       3
       4
       8
       6
       5
       3
       8
       6
       7
       7
       5
       5
       9
      13
       7
      10
      18
      14
      10
       9
       6
      14
       9
      17
      13
      13
      14
      19
      13
      15
      12
      19
      18
      12
      13
       9
      12
       3
       8
      10
      16
       9
      14
      11
      18
      12
      13
      14
      15
      12
       5
       7
       6
       6
       4
       5
       7
       6
       2
      11
       6
       6
       6
       4
       7
       5
       2
       2
       0
       1
       3
       3
       1
       5
       3
       6
       2
       1
       2
       4
       2
       1
       5
       4
       0
       2
       3
       3
       1
       4
       3
       6
       1
       1
       0
       1
       3
       1
       2
       3
       3
       3
       0
       2
       1
       2
       8
       2
       0
       3
       0
       3
       2
       2
       0
       0
       0
       1
       0
       0
       2
       1
       0
       3
       2
       1
       4
       1
       2
       3
       1
       0
       1
       2
       2
       1
       3
       3
       2
       2
       2
       2
       1
       3
       4
       3
       2
       1
       1
       5
       3
       1
       2
       2
       2
       4
       4
       2
       3
       1
       2
       3
       3
       1
       3
       3
       3
       3
       6
       4
       1
       4
       2
       4
       1
       3
       2
       0
       1
       0
       3
       2
       0
       3
       3
       3
       3
       1
       3
       3
       2
       2
       2
       2
       2
       1
       1
       0
       3
       0
       1
       0
       0
       0
       3
       2
       1
       1
       2
       0
       2
       1
       0
       0
       1
       1
       0
       4
       2
       0
       1
       0
       0
       2
       1
       0
       0
       1
       0
       1
       2
       1
       1
       1
       2
       1
       1
       1
       0
       1
       0
       1
       2
       0
       2
       1
       2
       0
       3
       0
       0
       0
       0
       1
       2
       2
       0
       1
       1
       1
       1
       2
       1
       3
       2
       0
       0
       4
       0
       2
       0
       2
       1
       0
       1
       0
       0
       0
       2
       1
       2
       2
       1
       1
       2
       3
       1
       1
       3
       1
       2
       3
       2
       1
       0
       0
       0
       1
       0
       1
       2
       1
       2
       3
       5
       3
       2
       0
       1
       1
       1
       3
       2
       1
       2
       1
       2
       0
       2
       0
       2
       2
       0
       2
       3
       1
       2
       3
       3
       1
       2
       1
       1
       1
       4
       3
       1
       1
       1
       0
       4
       3
       0
       1
       4
       2
       2
       0
       4
       1
       1
       2
       0
       2
       0
       0
       0
       1
       2
       2
       1
       0
       1
       2
       2
       0
       0
       4
       1
       1
       1
       0
       1
       1
       0
       0
       3
       0
       1
       1
       0
       1
       1
       1
       1
       0
       1
       0
       0
       2
       0
       2
       3
       0
       0
       1
       1
       1
       2
       0
       2
       0
       0
       2
       1
       0
       1
       0
       1
       0
       0
       0
       0
       0
       0
       0
       2
       0
       1
       1
       0
       1
       1
       0
       1
       1
       0
       0
       1
       1
       0
       0
       0
       0
       0
       0
       1
       0
       1
       0
       2
       2
       0
       1
       0
       0
       0
       0
       0
       0
       0
       0
       0
       0
       0
       0
       1
       0
       0
       0
       1
       0
       0
       0
       2
       1
       0
       0
       0
       2
       2
       0
       3
       0
       0
       0
       1
       0
       0
       1
       3
       1
       0
       1
       0
       0
       0
       1
       0
       0
       1
       1
       3
       0
       1
       1
       2
       0
       1
       0
       0
       2
       1
       2
       2
       0
       0
       0
       1
       1
       2
       2
       1
       1
       0
       2
       1
       0
       2
       3
       1
       2
       1
       2
       1
       3
       1
       0
       1
       1
       1
       2
       4
       1
       0
       2
       1
       0
       0
       1
       1
       1
       0
       0
       0
       1
       2
       0
       0
       1
       0
       2
       2
       0
       0
       0
       1
       0
       0
       0
       0
       2
       0
       0
       0
       0
       1
       0
       0
       0
       1
       0
       0
       0
       0
       1
       0
       0
       0
       2
       0
       0
       0
       0
       0
       2
       0
       0
       0
       0
       1
       0
       0
       0
       0
       0
       1
       0
       0
       1
       0
       0
       0
       0
       0
       0
       0
       0
       0
       0
       0
       0
       0
       0
       0
       1
       0
       0
       1
       0
       0
       0
       0
       0
       0
       1
       0
       0
       0
       0
       0
       0
       0
       0
       0
       0
       0
       0
       0
       0
       0
       0
       0
       0
       1
       0
       1
       0
       0
       0
       0
       0
       0
       0
       1
       0
       0
       0
       0
       1
       0
       1
       0
       0
       0
       0
       0
       0
       0
       0
       0
       1
       0
       0
       0
       0
       0
       0
       0
       0
       2
       0
       0
       0
       0
       0
       0
       0
       0
       0
       0
       0
       0
       1
       0
       0
       0
       0
       0
       0
       0
       1
       0
       1
       0
       0
       0
       0
       0
       0
       0
       0
       0
       0
       0
       0
       0
       0
       1
       0
       0
       0
       0
       0
       0
       0
       1
       1
       0
       0
       0
       0
       0
       0
       0
       0
       1
       0
       0
       0
       0
       0
       0
       0
       0
       0
       0
       0
       0
       0
       0
       0
       0
       0
       1
       0
       0
       0
       2
       0
       0
       0
       0
       0
       0
       1
       0
       0
       0
       0
       0
       0
       0
       0
       0
       0
       0
       0
       0
       0
       0
       0
       0
       0
       0
       1
       0
       0
       0
       0
       0
       0
       0
       0
       0
       0
       0
       1
       0
       0
       0
       0
       0
       0
       0
       0
       0
       0
       0
       0
       0
       0
       0
       0
       0
       0
       0
       0
       0
       0
       0
       0
       0
       0
       0
       0
       0
       0
       1
       0
       0
       0
       0
       0
       0
       1
       0
       0
       0
       0
       0
       0
       0
       0
       1
       0
       0
       0
       0
       0
       0
       0
       0
       1
       0
       0
       0
       0
       0
       0
       0
       0
       0
       0
       0
       0
       0
       0
       0
       0
       0
       0
       0
       0
       1
       0
       0
       1
       0
       0
       0
       0
       0
       0
       0
       0
       1
       0
       0
       0
       0
       0
       2
       0
       0
       0
       0
       1
       0
       1
       0
       0
       0
       0
       0
       0
       0
       1
       0
       1
       0
       1
       0
       0
       0
       0
       0
       0
       0
       0
       0
       0
       0
       0
       0
       0
       0
       0
       0
       0
       0
       0
       0
       0
       0
       0
       0
       1
       0
       0
       0
       0
       0
       1
       0
       0
       0
       0
       0
       0
       0
       0
       0
       0
       0
       0
       0
       0
       0
       0
       0
       0
       0
       0
       0
       0
       0
       0
       0
       0
       0
       0
       0
       0
       0
       0
       0
       0
       0
       0
       0
       0
       0
       0
       0
       1
       0
       0
       0
       0
       0
       0
       0
       0
       0
       0
       0
       0
       0
       0
       0
       0
       0
       0
       0
       0
       0
       0
       0
       0
       0
       0
       0
       0
       0
       1
       0
       1
       1
       0
       0
       0
       0
       0
       0
       0
       0
       1
       0
       0
       0
       0
       1
       0
       0
       0
       0
       0
       0
       0
       0
       1
       0
       0
       0
       0
       0
       0
       0
       0
       0
       0
       0
       0
       0
       0
       0
       0
       0
       0
       0
       0
       0
       0
       0
       0
       0
       0
       0
       0
       1
       0
       0
       0
       0
       0
       0
       0
       0
       0
       0
       0
       0
       0
       0
       0
       0
       0
       0
       0
       0
       0
       0
       1
       0
       0
       0
       0
       0
       0
       0
       0
       0
       0
       0
       0
       0
       0
       0
       0
       0
       0
       0
       0
       0
       0
       0
       0
       0
       0
       0
       0
       1
       0
       0
       0
       0
       0
       0
       0
       0
       0
       0
       0
       1
       0
       0
       0
       0
       0
       0
       0
       0
       0
       0
       0
       0
       0
       1
       0
       0
       0
       0
       0
       0
       0
       0
       0
       0
       0
       0
       0
       0
       0
       0
       0
       0
       0
       0
       0
       0
       0
       0
       1
       0
       0
       0
       0
       0
       1
       0
       0
       0
       0
       0
       0
       0
       0
       0
       0
       0
       0
       0
       0
       0
       0
       0
       0
       1
       0
       0
       0
       0
       0
       0
       0
       0
       0
       0
       0
       0
       0
       0
       0
       0
       0
       1
       0
       0
       0
       0
       0
       0
       0
       0
       0
       0
       0
       0
       0
       0
       0
       0
       0
       0
       0
       0
       0
       0
       0
       0
       0
       0
       0
       0
       0
       0
       0
       0
       0
       0
       0
       0
       0
       1
       0
       0
       0
       0
       0
       0
       1
       0
       0
       0
       0
       0
       0
       0
       0
       0
       0
       0
       0
       0
       0
       0
       0
       0
       0
       0
       0
       0
       0
       0
       0
       0
       0
       0
       0
       0
       0
       0
       0
       0
       0
       0
       0
       0
       0
       0
       0
       0
       0
       0
       0
       0
       0
       0
       0
       0
       0
       0
       0
       0
       0
       0
       0
       0
       0
       0
       0
       0
       0
       0
       0
       1
       0
       0
       0
       0
       0
       0
       0
       0
       0
       0
       0
       0
       0
       0
       0
       0
       1
       0
       0
       0
       0
       0
       0
       0
       1
       0
       0
       0
       0
       0
       0
       0
       0
       0
       1
       0
       0
       0
       0
       0
       0
       0
       0
       0
       0
       0
       0
       0
       0
       0
       0
       0
       0
       0
       0
       0
       0
       0
       0
       0
       0
       0
       0
       0
       0
       0
       0
       0
       0
       0
       0
       1
       0
       0
       0
       0
       0
       0
       0
       0
       0
       0
       0
       0
       0
       0
       0
       1
       0
       1
       0
       0
       0
       0
       0
       0
       0
       0
       0
       0
       0
       0
       0
       0
       0
       1
       0
       0
       0
       0
       0
       0
       0
       0
       0
       0
       0
       0
       1
       0
       0
       0
$ROI:
2
15 46
284 303
$PRESETS:
None
0
0
$ENER_FIT:
0.000000 0.000000
$MCA_CAL:
3
0.000000E+000 0.000000E+000 0.000000E+000 
$SHAPE_CAL:
3
0.000000E+000 0.000000E+000 0.000000E+000
