$SPEC_ID:
No sample description was entered.
$SPEC_REM:
DET# 1
DETDESC# Device_13225875
AP# Maestro Version 7.01
$DATE_MEA:
12/12/2013 09:05:53
$MEAS_TIM:
96 97
$DATA:
0 2047
       0
       0
       0
       0
       0
       0
       0
       0
       0
       0
       0
       0
       0
       0
       0
       0
       0
       0
       0
       1
     174
     198
     174
     191
     177
     174
     202
     221
     222
     235
     216
     242
     238
     268
     221
     236
     249
     253
     257
     278
     266
     238
     287
     268
     299
     263
     311
     278
     278
     288
     321
     285
     281
     283
     301
     303
     323
     332
     337
     320
     317
     325
     322
     295
     333
     267
     326
     284
     336
     286
     314
     311
     305
     271
     274
     240
     300
     276
     256
     284
     268
     289
     273
     265
     265
     295
     282
     291
     278
     282
     283
     346
     308
     346
     320
     348
     399
     411
     370
     368
     385
     394
     403
     297
     323
     338
     339
     341
     301
     313
     288
     285
     283
     296
     281
     265
     225
     272
     272
     257
     230
     236
     234
     233
     214
     222
     216
     231
     215
     236
     232
     208
     208
     200
     210
     233
     238
     188
     207
     198
     200
     201
     212
     192
     179
     175
     190
     160
     167
     195
     182
     191
     203
     171
     177
     190
     170
     173
     204
     188
     187
     157
     164
     162
     171
     185
     165
     152
     175
     153
     163
     160
     157
     142
     155
     161
     164
     158
     146
     152
     164
     169
     147
     151
     146
     145
     134
     143
     156
     145
     161
     163
     139
     142
     164
     136
     155
     144
     141
     136
     155
     134
     124
     138
     164
     150
     132
     140
     141
     136
     155
     134
     135
     153
     133
     143
     143
     137
     131
     140
     125
     132
     147
     142
     137
     134
     157
     152
     138
     124
     115
     149
     160
     128
     125
     151
     127
     163
     150
     129
     139
     136
     133
     133
     156
     159
     131
     150
     142
     153
     128
     135
     141
     132
     136
     137
     146
     137
     135
     135
     147
     129
     133
     133
     112
     147
     135
     125
     141
     146
     117
     144
     131
     147
     139
     128
     126
     122
     147
     130
     128
     133
     128
     129
     137
     114
     140
     106
     119
     137
     138
     123
     142
     137
     165
     142
     143
     135
     129
     141
     125
     140
     129
     128
     127
     116
     141
     136
     117
     142
     131
     139
     126
     162
     154
     137
     143
     128
     137
     153
     156
     155
     146
     125
     135
     152
     154
     145
     150
     144
     146
     145
     144
     143
     145
     144
     150
     129
     140
     127
     149
     150
     154
     156
     131
     150
     128
     171
     148
     149
     135
     160
     163
     146
     171
     151
     154
     158
     142
     152
     171
     152
     137
     170
     136
     153
     154
     147
     159
     153
     163
     157
     141
     163
     160
     144
     161
     172
     161
     173
     170
     167
     147
     156
     135
     157
     149
     161
     157
     157
     155
     149
     166
     148
     147
     144
     131
     139
     134
     141
     139
     140
     119
     114
     139
     117
     106
     128
     114
     111
     133
     108
     102
     105
     107
     113
     102
     105
     102
     113
     115
     100
     104
     113
      97
      95
      77
      90
     104
     109
      97
     103
     115
      99
     112
      96
      97
      94
      97
      97
      92
      93
      97
      95
     112
      75
      83
      86
      81
      95
      77
      91
      87
      68
      76
      83
      74
      82
      90
      77
      85
      84
      71
      79
      92
      98
      88
      85
      96
      97
     113
     117
     131
     129
     147
     184
     191
     192
     208
     244
     226
     258
     252
     286
     285
     296
     331
     337
     366
     357
     345
     319
     339
     361
     335
     322
     344
     308
     265
     251
     219
     228
     269
     182
     198
     147
     151
     140
     127
     113
     110
      77
      57
      74
      56
      45
      32
      37
      29
      23
      26
      21
      30
      24
      22
      30
      35
      37
      36
      37
      48
      52
      48
      59
      72
      76
      94
      98
     111
     119
     157
     138
     143
     187
     189
     168
     189
     209
     216
     244
     254
     222
     255
     278
     235
     250
     248
     223
     267
     242
     217
     254
     239
     206
     192
     202
     197
     179
     156
     143
     137
     107
     112
      91
      99
      85
      59
      62
      52
      39
      42
      34
      30
      31
      23
      10
      17
      17
      12
      12
       7
       4
       4
       3
       5
       4
       5
       1
       4
       3
       4
       3
       0
       0
       4
       6
       5
       3
       0
       2
       5
       1
       1
       2
       0
       0
       4
       1
       1
       3
       1
       5
       3
       2
       1
       1
       0
       0
       2
       1
       2
       2
       0
       3
       2
       0
       3
       1
       0
       0
       2
       2
       1
       0
       1
       1
       0
       0
       1
       0
       1
       0
       0
       2
       1
       0
       1
       0
       0
       0
       0
       1
       0
       0
       0
       0
       0
       0
       0
       0
       1
       0
       0
       1
       2
       1
       0
       0
       0
       0
       0
       0
       1
       1
       0
       1
       0
       0
       0
       0
       0
       2
       0
       2
       0
       0
       0
       1
       0
       0
       0
       2
       1
       1
       1
       1
       0
       2
       1
       0
       0
       1
       0
       2
       0
       0
       0
       0
       1
       0
       2
       0
       0
       3
       0
       0
       1
       1
       0
       0
       1
       0
       1
       0
       1
       1
       0
       0
       1
       0
       0
       0
       0
       1
       0
       0
       1
       0
       0
       1
       0
       0
       0
       0
       0
       0
       2
       0
       1
       0
       0
       0
       0
       0
       0
       0
       0
       1
       1
       0
       0
       0
       0
       1
       1
       0
       1
       0
       0
       0
       0
       0
       0
       0
       1
       0
       0
       1
       0
       0
       1
       0
       1
       0
       0
       0
       0
       0
       0
       0
       0
       0
       0
       0
       0
       0
       0
       0
       0
       0
       1
       0
       1
       0
       0
       0
       1
       0
       2
       0
       0
       0
       2
       1
       1
       0
       0
       0
       1
       1
       0
       0
       1
       0
       1
       0
       0
       0
       1
       0
       0
       0
       0
       1
       0
       0
       1
       0
       2
       1
       1
       0
       0
       1
       0
       0
       1
       1
       0
       0
       0
       1
       0
       0
       0
       0
       0
       1
       1
       0
       1
       0
       0
       0
       0
       0
       0
       0
       0
       0
       1
       0
       0
       0
       1
       0
       1
       0
       0
       1
       0
       0
       0
       1
       0
       0
       1
       0
       0
       0
       0
       0
       0
       0
       0
       0
       0
       0
       0
       0
       1
       0
       0
       1
       0
       0
       0
       0
       0
       0
       0
       0
       0
       0
       1
       0
       0
       0
       0
       1
       0
       0
       1
       0
       0
       0
       0
       1
       0
       1
       0
       0
       0
       0
       0
       0
       1
       0
       0
       0
       1
       1
       1
       0
       0
       0
       0
       1
       0
       0
       0
       1
       0
       0
       1
       0
       0
       0
       0
       0
       0
       0
       0
       0
       0
       0
       0
       0
       0
       0
       1
       0
       0
       0
       0
       0
       1
       0
       0
       0
       2
       0
       0
       0
       0
       0
       0
       0
       0
       0
       0
       0
       0
       0
       0
       0
       0
       0
       0
       0
       1
       0
       0
       0
       0
       0
       0
       1
       0
       0
       0
       0
       0
       0
       0
       1
       1
       0
       0
       0
       1
       1
       0
       0
       0
       0
       0
       0
       0
       0
       0
       0
       0
       0
       0
       0
       1
       0
       0
       0
       0
       0
       0
       0
       0
       0
       0
       0
       1
       0
       0
       0
       0
       0
       0
       0
       1
       0
       0
       0
       0
       0
       0
       0
       0
       0
       0
       0
       0
       0
       0
       0
       0
       0
       0
       0
       1
       0
       0
       0
       0
       1
       0
       0
       0
       0
       0
       0
       1
       0
       0
       1
       0
       0
       0
       0
       0
       0
       0
       0
       2
       1
       0
       0
       0
       0
       0
       0
       0
       0
       0
       0
       0
       0
       0
       0
       0
       0
       0
       0
       0
       0
       0
       0
       0
       0
       0
       0
       0
       0
       0
       0
       0
       0
       0
       0
       0
       1
       1
       1
       0
       0
       0
       0
       0
       1
       0
       0
       0
       0
       0
       0
       0
       0
       0
       0
       0
       0
       0
       0
       0
       0
       0
       0
       0
       0
       0
       0
       0
       0
       0
       0
       0
       0
       0
       0
       0
       0
       0
       0
       0
       0
       0
       0
       0
       0
       0
       0
       0
       0
       0
       0
       0
       0
       1
       0
       0
       0
       0
       0
       0
       0
       0
       0
       0
       0
       0
       0
       0
       0
       0
       0
       0
       0
       0
       0
       0
       0
       0
       0
       0
       0
       0
       0
       0
       0
       0
       0
       0
       0
       0
       0
       0
       0
       0
       0
       0
       0
       0
       0
       0
       0
       0
       0
       0
       0
       0
       0
       0
       0
       0
       0
       0
       0
       0
       0
       0
       0
       0
       0
       0
       0
       0
       0
       0
       0
       0
       0
       0
       0
       0
       0
       0
       0
       0
       0
       0
       0
       0
       0
       0
       1
       0
       0
       0
       0
       0
       0
       0
       0
       0
       0
       0
       0
       0
       0
       0
       0
       0
       0
       0
       0
       0
       0
       0
       0
       0
       0
       0
       0
       0
       0
       0
       0
       0
       0
       0
       0
       0
       1
       0
       0
       0
       0
       0
       0
       0
       0
       0
       0
       0
       0
       0
       0
       0
       0
       0
       0
       0
       0
       0
       0
       0
       0
       0
       0
       0
       0
       0
       0
       0
       0
       0
       0
       0
       0
       0
       0
       0
       0
       0
       0
       0
       0
       0
       0
       0
       0
       0
       0
       0
       0
       0
       0
       0
       0
       0
       0
       0
       0
       0
       0
       0
       0
       0
       0
       0
       0
       0
       1
       0
       0
       0
       0
       0
       0
       0
       0
       0
       0
       0
       0
       0
       0
       0
       0
       0
       0
       0
       0
       0
       0
       0
       0
       0
       0
       0
       0
       0
       0
       0
       0
       0
       0
       0
       0
       0
       0
       0
       0
       0
       0
       1
       0
       0
       0
       0
       0
       0
       0
       0
       0
       0
       0
       0
       0
       0
       0
       0
       0
       0
       0
       0
       0
       0
       0
       0
       0
       0
       0
       0
       0
       0
       0
       0
       0
       0
       1
       0
       0
       0
       0
       0
       0
       0
       0
       0
       0
       0
       0
       0
       0
       0
       0
       1
       0
       0
       0
       0
       0
       0
       0
       0
       0
       0
       0
       0
       0
       0
       0
       0
       0
       0
       0
       0
       0
       0
       0
       0
       0
       0
       0
       0
       0
       0
       0
       0
       0
       0
       0
       0
       0
       0
       0
       0
       0
       0
       0
       0
       0
       0
       0
       0
       0
       0
       0
       0
       0
       0
       0
       0
       0
       0
       0
       0
       0
       0
       0
       0
       0
       0
       0
       0
       0
       0
       0
       0
       0
       0
       0
       0
       0
       0
       0
       0
       0
       0
       0
       0
       0
       0
       0
       0
       0
       0
       0
       0
       0
       0
       0
       0
       0
       0
       0
       0
       0
       0
       0
       0
       0
       0
       0
       0
       0
       0
       0
       0
       0
       0
       0
       0
       0
       0
       0
       0
       0
       0
       0
       0
       0
       0
       0
       0
       0
       0
       0
       0
       0
       0
       0
       0
       0
       0
       0
       0
       0
       0
       0
       0
       0
       0
       0
       0
       0
       0
       0
       0
       0
       0
       0
       0
       0
       0
       0
       0
       0
       0
       0
       0
       1
       0
       0
       0
       0
       0
       0
       0
       0
       0
       0
       0
       0
       0
       0
       0
       0
       0
       0
       0
       0
       0
       0
       0
       0
       0
       0
       0
       0
       0
       0
       0
       0
       0
       0
       0
       0
       0
       0
       0
       0
       0
       0
       0
       0
       0
       0
       0
       0
       0
       0
       0
       0
       0
       0
       1
       0
       0
       0
       0
       0
       0
       0
       0
       0
       0
       0
       0
       0
       0
       0
       0
       0
       0
       0
       0
       0
       0
       0
       0
       1
       0
       0
       0
       0
       0
       0
       0
       0
       0
       0
       0
       0
       0
       0
       0
       0
       0
       0
       0
       0
       0
       0
       0
       0
       0
       0
       0
       0
       0
       0
       0
       0
       0
       0
       0
       0
       0
       0
       0
       0
       0
       0
       0
       0
       0
       0
       0
       0
       0
       0
       0
       0
       0
       0
       0
       0
       0
       0
       0
       0
       0
       0
       0
       0
       0
       0
       0
       0
       0
       0
       0
       0
       0
       0
       0
       0
       0
       0
       0
       0
       0
       1
       0
       0
       0
       0
       0
       0
       0
       0
       0
       0
       0
       0
       0
       0
       0
       0
       0
       0
       0
       0
       0
       0
       0
       0
       0
       0
       0
       0
       0
       0
       0
       0
       0
       0
       0
       0
       0
       0
       0
       0
       0
       0
       0
       0
       0
       0
       0
       0
       0
       0
       0
       0
       0
       0
       0
       0
       0
       0
       0
       0
       0
       0
       0
       0
       0
       0
       0
       0
       0
       0
       0
       0
       0
       0
       0
       0
       0
       0
       0
       0
       0
       0
       0
       0
       0
       0
       0
       0
       0
       0
       0
       0
       0
       0
       0
       0
       0
       0
       0
       0
       0
       0
       0
       0
       0
       0
       0
       0
       0
       0
       0
       0
       0
       0
       0
       0
       0
       0
       0
       0
       0
       0
       0
       0
       0
       0
       0
       0
       0
       0
       0
       0
       0
       0
       0
       0
       0
       0
       0
       0
       0
       0
       0
       0
       0
       0
       0
       0
       0
       0
       0
       0
       0
       0
       0
       0
       0
       0
       0
       0
       0
       0
       0
       0
       0
       0
       0
       0
       0
       0
       0
       0
       0
       0
       0
       0
       0
       0
       0
       0
       0
       0
       0
       0
       0
       0
       0
       0
       0
       0
       0
       0
       0
       0
       0
       0
       0
       0
       0
       0
       0
       0
       0
       0
       0
       0
       0
       0
       0
       0
       0
       0
       0
       0
       0
       0
       0
       0
       0
       0
       0
       0
       0
       0
       0
       0
$ROI:
2
15 46
284 303
$PRESETS:
Real Time
97
0
$ENER_FIT:
0.000000 0.000000
$MCA_CAL:
3
0.000000E+000 0.000000E+000 0.000000E+000 
$SHAPE_CAL:
3
0.000000E+000 0.000000E+000 0.000000E+000
