$SPEC_ID:
No sample description was entered.
$SPEC_REM:
DET# 1
DETDESC# Device_13225875
AP# Maestro Version 7.01
$DATE_MEA:
12/12/2013 09:19:21
$MEAS_TIM:
1194 1200
$DATA:
0 2047
       0
       0
       0
       0
       0
       0
       0
       0
       0
       0
       0
       0
       0
       0
       0
       0
       0
       0
       0
       5
    2726
    2889
    3059
    3079
    3210
    3288
    3445
    3693
    3919
    4043
    4275
    4528
    4719
    4911
    5258
    5612
    5976
    6170
    6060
    6118
    6167
    6372
    7227
    7909
    8328
    8122
    7633
    7054
    6354
    6139
    6164
    6120
    5974
    5584
    5248
    5104
    5027
    4965
    5065
    4925
    4932
    5143
    4994
    4866
    4903
    4857
    4861
    4945
    4848
    4863
    4851
    4824
    4682
    4739
    4647
    4797
    4706
    4783
    4796
    4835
    4908
    4752
    4862
    4909
    4873
    4888
    4818
    4951
    4969
    4798
    4870
    4830
    4950
    4792
    4960
    4930
    4653
    4684
    4732
    4783
    4822
    4937
    5308
    5579
    5864
    6095
    6213
    6223
    6279
    6044
    5735
    5285
    4934
    4488
    4106
    3929
    3693
    3613
    3461
    3509
    3510
    3264
    3442
    3301
    3435
    3342
    3311
    3296
    3277
    3141
    3285
    3127
    3080
    3008
    3094
    3034
    2932
    2980
    2987
    2940
    3011
    2964
    3076
    3132
    3150
    3269
    3316
    3345
    3320
    3255
    3299
    3184
    3177
    3058
    3070
    2858
    2790
    2671
    2563
    2560
    2404
    2376
    2371
    2239
    2219
    2134
    2193
    2084
    2067
    2078
    1993
    2094
    2002
    1967
    2000
    2052
    2052
    2001
    1941
    1893
    1982
    1922
    1954
    1910
    1859
    1865
    1895
    1853
    1780
    1854
    1791
    1753
    1872
    1873
    1891
    1875
    1983
    1967
    1939
    2005
    1944
    1940
    1891
    2006
    2003
    1975
    1933
    1926
    1971
    1993
    2002
    1967
    2033
    1989
    2192
    2150
    2194
    2306
    2292
    2251
    2256
    2361
    2364
    2176
    2169
    2200
    2135
    2003
    2073
    1989
    1983
    1781
    1764
    1816
    1891
    1794
    1927
    1930
    1937
    1964
    2074
    2181
    2282
    2470
    2620
    2618
    2812
    2777
    2963
    3003
    3009
    3086
    3116
    3063
    3083
    2890
    2801
    2761
    2460
    2413
    2282
    2138
    1989
    1820
    1721
    1718
    1554
    1449
    1397
    1356
    1275
    1205
    1228
    1250
    1178
    1129
    1120
    1074
    1086
    1108
    1087
    1057
    1000
    1083
    1004
     999
    1011
     987
     983
    1024
    1063
    1067
    1027
    1104
    1103
    1015
    1028
    1054
    1068
    1021
    1031
    1127
    1140
    1144
    1195
    1194
    1162
    1227
    1247
    1183
    1148
    1225
    1173
    1089
    1138
    1139
    1084
    1083
    1017
    1098
    1041
    1026
    1038
     986
    1016
    1041
     941
    1023
     912
     996
     948
     912
     967
     969
     847
     932
     931
     941
     969
     899
     906
     922
     875
     837
     861
     772
     823
     835
     793
     755
     786
     767
     789
     771
     764
     798
     803
     840
     800
     751
     774
     803
     858
     854
     892
     907
     905
     959
     933
     911
     990
    1098
    1082
    1128
    1220
    1299
    1354
    1353
    1338
    1350
    1446
    1523
    1507
    1596
    1678
    1670
    1623
    1558
    1637
    1643
    1548
    1530
    1445
    1439
    1408
    1456
    1404
    1344
    1293
    1280
    1299
    1248
    1279
    1277
    1250
    1257
    1260
    1334
    1163
    1179
    1097
    1144
    1067
    1000
     976
     979
     893
     868
     777
     795
     674
     691
     572
     524
     545
     495
     448
     461
     389
     390
     361
     358
     299
     308
     294
     315
     301
     295
     299
     292
     280
     291
     291
     291
     280
     320
     328
     274
     290
     319
     311
     337
     340
     292
     322
     324
     334
     320
     341
     335
     308
     328
     352
     324
     363
     333
     323
     332
     316
     329
     316
     330
     335
     301
     338
     318
     286
     334
     332
     329
     328
     288
     301
     279
     254
     268
     250
     282
     296
     278
     283
     254
     277
     275
     270
     273
     278
     259
     265
     253
     256
     263
     234
     270
     248
     265
     280
     244
     270
     246
     237
     278
     245
     265
     266
     256
     274
     259
     257
     264
     267
     258
     259
     282
     265
     230
     270
     248
     275
     256
     262
     244
     256
     244
     249
     257
     199
     250
     223
     207
     216
     229
     218
     237
     216
     233
     222
     241
     236
     219
     222
     195
     223
     230
     217
     229
     232
     209
     207
     217
     245
     206
     225
     206
     195
     215
     209
     218
     185
     228
     212
     211
     211
     208
     211
     208
     233
     233
     208
     211
     205
     194
     233
     201
     187
     187
     176
     196
     224
     193
     213
     218
     222
     215
     212
     211
     207
     245
     202
     224
     212
     212
     205
     194
     216
     249
     199
     224
     235
     215
     241
     217
     193
     219
     215
     235
     226
     205
     234
     228
     250
     226
     235
     255
     209
     249
     241
     232
     238
     223
     210
     241
     249
     227
     247
     242
     261
     270
     258
     262
     301
     288
     294
     288
     276
     319
     330
     351
     323
     337
     341
     334
     344
     405
     377
     384
     370
     361
     369
     353
     398
     388
     358
     351
     366
     370
     358
     353
     343
     313
     336
     344
     319
     335
     304
     320
     305
     288
     285
     287
     313
     265
     257
     272
     229
     210
     223
     241
     230
     201
     225
     206
     195
     213
     200
     188
     190
     191
     165
     194
     179
     171
     187
     200
     162
     181
     179
     170
     184
     190
     183
     165
     199
     176
     175
     176
     178
     176
     169
     188
     181
     191
     182
     167
     178
     170
     186
     193
     173
     177
     175
     165
     178
     159
     191
     163
     186
     180
     214
     171
     176
     187
     179
     156
     169
     150
     164
     166
     192
     146
     168
     148
     185
     151
     166
     154
     182
     154
     163
     173
     168
     140
     154
     164
     161
     155
     165
     166
     172
     171
     166
     154
     154
     173
     144
     164
     158
     172
     138
     157
     153
     165
     168
     160
     156
     158
     127
     131
     132
     150
     143
     147
     131
     146
     138
     176
     148
     154
     140
     144
     144
     141
     146
     158
     129
     143
     137
     158
     130
     150
     133
     139
     144
     138
     133
     144
     138
     128
     143
     151
     127
     128
     143
     130
     129
     164
     157
     150
     161
     123
     131
     151
     147
     133
     139
     124
     149
     151
     151
     139
     131
     130
     162
     159
     164
     167
     177
     169
     164
     166
     165
     171
     170
     179
     203
     170
     219
     220
     211
     216
     213
     201
     214
     223
     233
     249
     209
     233
     245
     243
     261
     231
     261
     291
     271
     265
     283
     267
     260
     280
     265
     248
     280
     236
     243
     231
     249
     246
     252
     202
     234
     220
     224
     236
     204
     211
     190
     217
     241
     225
     181
     191
     210
     189
     218
     194
     191
     169
     177
     201
     177
     182
     182
     174
     169
     168
     181
     174
     195
     186
     180
     180
     167
     190
     180
     181
     170
     192
     181
     172
     164
     165
     150
     176
     159
     162
     160
     155
     178
     197
     155
     166
     169
     198
     161
     164
     177
     189
     167
     181
     172
     170
     152
     174
     170
     156
     142
     157
     156
     147
     155
     158
     144
     133
     144
     141
     133
     154
     127
     138
     133
     115
     112
     135
     143
     132
     101
     124
     111
     104
     112
      98
      97
     106
      82
     104
      89
      90
     100
      80
      87
      85
      59
      64
      67
      73
      56
      60
      64
      65
      46
      52
      65
      48
      42
      50
      56
      42
      34
      31
      49
      36
      51
      38
      43
      31
      45
      44
      44
      38
      29
      45
      42
      36
      36
      45
      55
      59
      53
      47
      58
      54
      49
      62
      70
      80
      86
      85
      96
      84
     110
      93
     103
     117
     118
     155
     151
     149
     171
     217
     172
     167
     212
     224
     239
     234
     275
     262
     286
     290
     265
     282
     316
     317
     330
     337
     294
     340
     338
     332
     344
     361
     377
     344
     316
     383
     370
     294
     384
     339
     328
     344
     324
     316
     292
     307
     278
     252
     283
     265
     222
     200
     210
     207
     204
     173
     187
     156
     168
     148
     121
     140
     113
     124
      99
      98
      75
      62
      77
      63
      64
      71
      58
      54
      41
      46
      25
      31
      22
      30
      22
      24
      22
      17
      15
      12
       9
       9
       6
       7
      14
       0
       8
       3
       5
       3
       7
       1
       2
       3
       5
       2
       2
       2
       1
       0
       2
       2
       0
       1
       1
       1
       0
       2
       0
       1
       2
       1
       1
       1
       0
       1
       2
       1
       1
       1
       0
       1
       2
       0
       1
       0
       0
       0
       1
       0
       2
       2
       2
       0
       1
       1
       1
       0
       1
       0
       1
       2
       0
       1
       2
       2
       0
       0
       0
       1
       2
       2
       1
       0
       0
       2
       2
       1
       1
       0
       0
       3
       0
       1
       0
       0
       0
       1
       1
       0
       1
       0
       1
       1
       0
       0
       0
       0
       0
       0
       0
       0
       0
       1
       0
       1
       1
       1
       0
       2
       1
       0
       0
       0
       2
       1
       0
       0
       1
       0
       5
       2
       0
       0
       0
       1
       0
       1
       0
       1
       0
       1
       0
       0
       0
       1
       1
       2
       0
       1
       0
       0
       0
       1
       0
       0
       0
       1
       1
       2
       0
       0
       0
       1
       0
       0
       1
       0
       0
       0
       3
       0
       0
       1
       0
       0
       1
       0
       1
       0
       0
       1
       0
       1
       0
       1
       0
       0
       0
       2
       1
       0
       0
       1
       0
       0
       0
       1
       0
       1
       0
       1
       1
       0
       0
       0
       0
       0
       1
       0
       0
       0
       2
       1
       0
       0
       0
       1
       2
       0
       0
       0
       0
       0
       0
       0
       2
       0
       0
       1
       0
       0
       1
       2
       0
       0
       0
       0
       0
       0
       0
       2
       0
       0
       2
       0
       0
       0
       0
       0
       1
       0
       0
       1
       0
       1
       1
       0
       0
       0
       0
       0
       0
       0
       0
       0
       0
       0
       1
       0
       0
       0
       1
       1
       0
       0
       0
       0
       0
       0
       0
       1
       0
       1
       2
       0
       0
       0
       0
       0
       0
       0
       0
       0
       0
       0
       0
       1
       1
       0
       1
       2
       2
       1
       0
       0
       0
       0
       0
       0
       0
       0
       0
       0
       0
       0
       0
       0
       0
       0
       0
       0
       0
       0
       0
       1
       0
       0
       0
       0
       0
       0
       0
       0
       0
       0
       0
       0
       0
       0
       0
       0
       0
       0
       0
       0
       0
       0
       1
       0
       1
       0
       0
       0
       0
       0
       0
       0
       0
       0
       0
       0
       0
       0
       0
       0
       0
       0
       0
       1
       0
       0
       1
       0
       0
       0
       1
       1
       0
       0
       0
       0
       0
       0
       0
       0
       0
       0
       0
       0
       0
       0
       0
       0
       0
       0
       0
       0
       0
       1
       0
       0
       0
       0
       0
       0
       1
       0
       1
       0
       0
       1
       0
       0
       0
       0
       0
       1
       1
       0
       0
       0
       0
       0
       1
       0
       0
       0
       1
       0
       0
       0
       0
       0
       0
       0
       0
       1
       0
       0
       0
       1
       0
       0
       1
       0
       2
       2
       0
       0
       1
       0
       0
       0
       0
       0
       1
       0
       1
       2
       0
       0
       1
       0
       0
       0
       0
       0
       0
       0
       0
       0
       0
       0
       0
       0
       0
       0
       0
       0
       1
       0
       0
       0
       0
       0
       0
       0
       0
       0
       0
       0
       0
       0
       0
       0
       1
       0
       0
       0
       0
       0
       0
       0
       0
       1
       0
       0
       0
       0
       0
       0
       0
       0
       0
       0
       0
       0
       0
       0
       1
       0
       1
       0
       0
       0
       0
       1
       0
       0
       0
       0
       1
       0
       0
       0
       0
       0
       1
       0
       1
       0
       0
       0
       0
       2
       0
       0
       1
       0
       0
       0
       0
       0
       0
       0
       0
       1
       0
       0
       0
       0
       0
       0
       0
       1
       0
       0
       0
       0
       0
       1
       1
       0
       0
       0
       0
       0
       0
       0
       0
       0
       0
       0
       0
       0
       0
       0
       0
       0
       0
       0
       1
       0
       0
       0
       0
       1
       0
       0
       1
       0
       0
       0
       0
       1
       0
       0
       0
       0
       0
       0
       0
       0
       0
       0
       0
       0
       0
       0
       0
       0
       0
       0
       0
       0
       0
       0
       0
       0
       0
       0
       1
       0
       0
       0
       1
       2
       0
       0
       0
       0
       1
       0
       0
       0
       0
       0
       1
       0
       0
       0
       1
       2
       0
       0
       0
       0
       0
       1
       0
       0
       0
       0
       0
       0
       0
       0
       0
       0
       0
       0
       0
       0
       1
       0
       0
       0
       0
       0
       1
       0
       0
       0
       0
       0
       0
       0
       0
       1
       2
       1
       1
       0
       0
       1
       1
       1
       0
       0
       0
       0
       0
       0
       0
       0
       0
       1
       0
       0
       0
       1
       0
       0
       0
       0
       0
       2
       1
       0
       0
       0
       0
       0
       1
       0
       0
       0
       0
       0
       0
       0
       0
       0
       0
       0
       0
       0
       0
       0
       0
       1
       0
       0
       1
       0
       0
       0
       0
       0
       2
       0
       0
       0
       0
       0
       0
       1
       0
       0
       0
       0
       0
       0
       1
       0
       0
       0
       1
       0
       0
       1
       0
       0
       0
       0
       0
       0
       0
       0
       0
       0
       0
       1
       1
       0
       0
       0
       0
       1
       0
       0
       0
       0
       0
       1
       1
       0
       0
       0
       0
       0
       0
       0
       1
       0
       0
       1
       1
       0
       0
       1
       0
       0
       0
       0
       0
       0
       0
       1
       1
       0
       0
       0
       0
       0
       0
       0
       0
       0
       0
       0
       0
       1
       0
       0
       0
       0
       0
       0
       0
       0
       0
       1
       0
       0
       0
       1
       0
       0
       0
       0
       0
       1
       0
       1
       0
       1
       0
       1
       1
       0
       1
       0
       0
       1
       0
       0
       1
       1
       0
       0
       0
       1
       0
       0
       0
       0
       0
       0
       0
       0
       0
       0
       0
       0
       0
       0
       0
       1
       1
       0
       0
       1
       0
       0
       0
       0
       0
       0
       0
       0
       0
       0
       0
       0
       1
       0
       0
       0
       0
       0
       0
       0
       0
       0
       0
       0
       0
       0
       0
       0
       0
       0
       1
       0
       0
       0
       0
       0
       0
       0
$ROI:
2
15 46
284 303
$PRESETS:
Real Time
1200
0
$ENER_FIT:
0.000000 0.000000
$MCA_CAL:
3
0.000000E+000 0.000000E+000 0.000000E+000 
$SHAPE_CAL:
3
0.000000E+000 0.000000E+000 0.000000E+000
